%YAML:1.0
# General sensor definitions.
camera_id: left_cam


# Sensor extrinsics wrt. the body-frame.
T_BS:
  cols: 4
  rows: 4
  data: [1.0, 0.0, 0.0, 0.0,
         0.0, 1.0, 0.0, 0.0,
         0.0, 0.0, 1.0, 0.0,
         0.0, 0.0, 0.0, 1.0]

  # data: [0.0, -1.0, 0.0, 0.0,
  #        0.0, 0.0, -1.0, 0.0,
  #        1.0, 0.0, 0.0, 0.0,
  #        0.0, 0.0, 0.0, 1.0]

# Camera specific definitions.
rate_hz: 30
resolution: [640, 360]
camera_model: pinhole
intrinsics: [318.247772216797, 317.941162109375, 314.012145996094, 188.928817749023] #fu, fv, cu, cv
distortion_model: radial-tangential
distortion_coefficients: [-0.0580630414187908, 0.0648676827549934, 0.000270776363322511, 0.000816116342321038, -0.0207655280828476]
