%YAML:1.0
# General sensor definitions.
camera_id: left_cam

# Sensor extrinsics wrt. the body-frame.
T_BS:
  cols: 4
  rows: 4
  data: [0.0, 0.0, 1.0, 0.035,
         -1.0, 0.0, 0.0, 0.065,
         0.0, -1.0, 0.0, -0.025,
         0.0, 0.0, 0.0, 1.0]

# Camera specific definitions.
rate_hz: 30
resolution: [640, 360]
camera_model: pinhole
intrinsics: [320.0686950683594, 319.2478942871094, 317.05621337890625, 186.17213439941406] #fu, fv, cu, cv
distortion_model: rectified
distortion_coefficients: [0.0, 0.0, 0.0, 0.0] # input image was already rectified.

# [-0.055496275424957275, 0.06200563535094261, -0.0004019816988147795, -0.000431042310083285, -0.01963612623512745]


# Camera specific definitions.
# rate_hz: 30
# resolution: [1280, 720]
# camera_model: pinhole
# intrinsics: [590.55786312369901, 591.143681745511, 677.93260976266811, 456.61529987992304]
# distortion_model: equidistant
# distortion_coefficients: [4.1373618750845829e-03,
#                           -8.1564295283947236e-02,
#                           8.2986959328934212e-02,
#                           -3.0873539919070020e-02]
