%YAML:1.0
# General sensor definitions.
camera_id: right_cam

# Sensor extrinsics wrt. the body-frame.
T_BS:
  cols: 4
  rows: 4
  data: [0.0, 0.0, 1.0, 0.035,
         -1.0, 0.0, 0.0, -0.085,
         0.0, -1.0, 0.0, -0.025,
         0.0, 0.0, 0.0, 1.0]

# Camera specific definitions.
rate_hz: 30
resolution: [640, 360]
camera_model: pinhole
intrinsics: [318.2477722167969, 317.941162109375, 314.01214599609375, 188.92881774902344] #fu, fv, cu, cv
distortion_model: rectified
distortion_coefficients: [0.0, 0.0, 0.0, 0.0] # input image was already rectified.

# [-0.05806304141879082, 0.06486768275499344, 0.0002707763633225113, 0.0008161163423210382, -0.020765528082847595]

# Camera specific definitions.
# rate_hz: 30
# resolution: [1280, 720]
# camera_model: pinhole
# intrinsics: [590.55786312369901, 591.143681745511, 677.93260976266811, 456.61529987992304]
# distortion_model: equidistant
# distortion_coefficients: [4.1373618750845829e-03,
#                           -8.1564295283947236e-02,
#                           8.2986959328934212e-02,
#                           -3.0873539919070020e-02]
