%YAML:1.0
# General sensor definitions.
camera_id: left_cam


# Sensor extrinsics wrt. the body-frame.
T_BS:
  cols: 4
  rows: 4
  data: [1.0, 0.0, 0.0, 0.0,
         0.0, 1.0, 0.0, 0.0,
         0.0, 0.0, 1.0, 0.0,
         0.0, 0.0, 0.0, 1.0]

# Camera specific definitions.
rate_hz: 30
resolution: [640, 360]
camera_model: pinhole
intrinsics: [319.2646484375, 318.485961914062, 316.657135009766, 182.030609130859] #fu, fv, cu, cv
distortion_model: radial-tangential
distortion_coefficients: [-0.05440279468894, 0.064564161002636, -8.39953281683847e-05, -0.000343402643920854, -0.0202227346599102]
